Well1 1 90 96 74
Well2 1 89 98 71
Well3 1 92 95 72
Well4 1 89 95 72
Well5 1 89 95 73
Well6 1 93 98 72
Well7 1 90 95 70
Well8 1 88 97 72
Well9 1 85 97 75
Well10 1 86 98 72
Well11 1 91 98 74
Well12 1 87 95 73
Well13 1 93 96 71
Well14 1 87 96 72
Well15 1 90 95 74
Well16 1 93 96 71
Well17 1 88 98 75
Well18 1 93 98 74
Well19 1 88 95 71
Well20 1 91 95 72
Well21 1 90 98 70
Well22 1 91 98 74
Well23 1 88 97 73
Well24 1 93 98 75
Well25 1 88 98 70
Well26 1 85 96 70
Well27 1 88 98 73
Well28 1 85 98 73
Well29 1 86 98 71
Well30 1 91 95 72
Well31 1 87 98 73
Well32 1 94 96 74
Well33 1 91 97 73
Well34 1 85 95 70
Well35 1 91 98 70
Well36 1 86 95 73
Well37 1 94 98 70
Well38 1 92 95 71
Well39 1 86 95 75
Well40 1 88 96 74
Well41 1 92 96 73
Well42 1 93 98 75
Well43 1 93 96 70
Well44 1 90 95 74
Well45 1 87 97 74
Well46 1 88 95 75
Well47 1 93 96 75
Well48 1 90 95 72
Well49 1 93 96 75
Well50 1 92 98 73
Well51 1 91 95 73
Well52 1 85 96 75
Well53 1 87 98 74
Well54 1 85 96 72
Well55 1 87 97 71
Well56 1 85 95 71
Well57 1 88 95 75
Well58 1 91 98 74
Well59 1 93 95 71
Well60 1 85 97 72
Well61 1 88 96 70
Well62 1 93 97 73
Well63 1 89 97 70
Well64 1 91 96 72
Well65 1 90 95 73
Well66 1 87 96 73
Well67 1 87 96 75
Well68 1 88 95 70
Well69 1 90 97 73
Well70 1 85 95 71
Well71 1 92 98 74
Well72 1 93 97 74
Well73 1 91 95 72
Well74 1 88 95 70
Well75 1 86 98 71
Well76 1 85 96 71
Well77 1 93 97 70
Well78 1 88 95 73
Well79 1 86 96 70
Well80 1 94 98 72
Well81 1 90 95 71
Well82 1 88 97 72
Well83 1 85 97 72
Well84 1 89 95 73
Well85 1 87 98 75
Well86 1 89 96 75
Well87 1 87 95 75
Well88 1 87 97 75
Well89 1 87 98 70
Well90 1 93 97 72
Well91 1 93 97 70
Well92 1 86 97 70
Well93 1 88 96 70
Well94 1 91 95 73
Well95 1 90 96 70
Well96 1 89 96 75
Well97 1 86 98 74
Well98 1 92 96 72
Well99 1 90 97 74
Well100 1 89 97 73
Well101 1 86 96 73
Well102 1 86 97 74
Well103 1 90 97 75
Well104 1 89 95 74
Well105 1 85 97 72
Well106 1 86 98 70
Well107 1 90 97 74
Well108 1 92 97 73
Well109 1 93 95 73
Well110 1 89 98 75
Well111 1 91 96 70
Well112 1 94 96 72
Well113 1 88 96 73
Well114 1 93 96 73
Well115 1 94 98 72
Well116 1 85 98 70
Well117 1 92 98 75
Well118 1 94 98 71
Well119 1 88 95 74
Well120 1 88 97 72
Well121 1 92 96 70
Well122 1 92 97 70
Well123 1 88 95 75
Well124 1 90 95 72
Well125 1 87 97 73
Well126 1 86 98 70
Well127 1 88 95 73
Well128 1 88 95 74
Well129 1 89 98 72
Well130 1 91 96 73
Well131 1 86 96 70
Well132 1 87 98 71
Well133 1 94 95 72
Well134 1 93 98 71
Well135 1 86 95 74
Well136 1 94 95 72
Well137 1 87 98 73
Well138 1 88 98 75
Well139 1 85 96 71
Well140 1 89 96 71
Well141 1 85 98 71
Well142 1 92 98 73
Well143 1 89 96 75
Well144 1 91 95 70
Well145 1 94 97 70
Well146 1 89 98 73
Well147 1 90 97 73
Well148 1 88 96 71
Well149 1 86 98 72
Well150 1 94 95 73
Well151 1 87 96 72
Well152 1 92 95 74
Well153 1 85 98 73
Well154 1 94 95 71
Well155 1 92 97 70
Well156 1 89 97 70
Well157 1 92 97 75
Well158 1 88 97 75
Well159 1 86 97 74
Well160 1 87 98 74
Well161 1 94 95 74
Well162 1 85 95 72
Well163 1 86 97 73
Well164 1 94 98 75
Well165 1 90 98 74
Well166 1 92 97 72
Well167 1 88 97 75
Well168 1 92 97 71
Well169 1 90 98 74
Well170 1 87 95 75
Well171 1 89 96 73
Well172 1 94 95 74
Well173 1 88 96 75
Well174 1 86 98 72
Well175 1 88 95 72
Well176 1 85 97 71
Well177 1 86 96 74
Well178 1 93 96 70
Well179 1 92 95 73
Well180 1 85 96 74
Well181 1 92 98 75
Well182 1 92 98 73
Well183 1 88 98 72
Well184 1 93 95 72
Well185 1 85 98 71
Well186 1 92 98 73
Well187 1 88 97 70
Well188 1 93 95 75
Well189 1 92 95 72
Well190 1 90 97 72
Well191 1 89 95 75
Well192 1 86 97 72
Well193 1 90 97 73
Well194 1 87 97 74
Well195 1 92 97 74
Well196 1 92 97 72
Well197 1 86 97 74
Well198 1 85 98 70
Well199 1 88 98 70
Well200 1 85 97 75
Well201 1 89 97 74
Well202 1 86 98 70
Well203 1 90 97 73
Well204 1 90 95 75
Well205 1 89 96 71
Well206 1 86 95 74
Well207 1 88 97 70
Well208 1 93 95 71
Well209 1 87 96 70
Well210 1 91 96 75
Well211 1 87 95 74
Well212 1 92 95 70
Well213 1 93 98 74
Well214 1 85 95 71
Well215 1 93 95 75
Well216 1 87 97 74
Well217 1 89 98 74
Well218 1 94 98 74
Well219 1 92 96 72
Well220 1 85 95 70
Well221 1 85 95 70
Well222 1 88 96 73
Well223 1 87 96 74
Well224 1 90 96 71
Well225 1 89 96 71
Well226 1 90 98 75
Well227 1 91 96 75
Well228 1 94 98 75
Well229 1 93 96 72
Well230 1 93 98 71
Well231 1 91 96 73
Well232 1 93 98 74
Well233 1 86 96 75
Well234 1 87 98 70
Well235 1 94 98 71
Well236 1 89 96 72
Well237 1 93 98 70
Well238 1 89 96 71
Well239 1 90 95 71
Well240 1 93 96 71
Well241 1 92 96 72
Well242 1 90 96 74
Well243 1 93 98 70
Well244 1 92 97 73
Well245 1 92 98 73
Well246 1 86 95 75
Well247 1 85 96 71
Well248 1 86 96 71
Well249 1 93 97 75
Well250 1 87 96 72
Well251 1 90 97 73
Well252 1 87 95 70
Well253 1 85 97 72
Well254 1 89 96 74
Well255 1 90 97 75
Well256 1 89 95 71
Well257 1 94 96 70
Well258 1 85 95 74
Well259 1 85 97 75
Well260 1 94 95 74
Well261 1 87 95 75
Well262 1 88 95 73
Well263 1 90 95 74
Well264 1 92 98 70
Well265 1 89 97 75
Well266 1 91 95 71
Well267 1 91 96 70
Well268 1 89 98 74
Well269 1 94 98 75
Well270 1 92 97 73
Well271 1 87 97 73
Well272 1 89 98 74
Well273 1 93 98 72
Well274 1 87 96 72
Well275 1 90 96 73
Well276 1 87 98 73
Well277 1 93 95 73
Well278 1 88 97 71
Well279 1 87 96 73
Well280 1 93 97 71
Well281 1 86 95 71
Well282 1 94 95 71
Well283 1 93 98 71
Well284 1 86 96 74
Well285 1 89 97 75
Well286 1 89 97 71
Well287 1 92 98 75
Well288 1 86 97 71
Well289 1 93 97 72
Well290 1 94 95 70
Well291 1 92 97 75
Well292 1 86 98 72
Well293 1 92 95 75
Well294 1 85 95 72
Well295 1 88 96 70
Well296 1 91 95 70
Well297 1 91 97 74
Well298 1 92 98 75
Well299 1 93 98 70
Well300 1 94 97 70
Well301 1 86 96 75
Well302 1 92 98 74
Well303 1 93 98 73
Well304 1 87 95 73
Well305 1 90 97 71
Well306 1 89 95 71
Well307 1 89 96 72
Well308 1 91 97 71
Well309 1 90 95 74
Well310 1 90 97 71
Well311 1 91 97 72
Well312 1 90 97 75
Well313 1 92 95 70
Well314 1 93 95 74
Well315 1 93 95 72
Well316 1 91 98 71
Well317 1 88 95 72
Well318 1 87 97 72
Well319 1 90 98 75
Well320 1 85 96 75
Well321 1 87 96 71
Well322 1 90 98 71
Well323 1 91 95 75
Well324 1 86 96 73
Well325 1 91 98 74
Well326 1 90 98 75
Well327 1 85 95 70
Well328 1 92 98 70
Well329 1 89 96 71
Well330 1 86 98 75
Well331 1 94 97 74
Well332 1 88 96 71
Well333 1 88 97 70
Well334 1 91 96 72
Well335 1 92 95 70
Well336 1 93 97 75
Well337 1 94 97 75
Well338 1 93 96 73
Well339 1 92 95 70
Well340 1 86 96 70
Well341 1 87 95 70
Well342 1 93 96 75
Well343 1 87 95 74
Well344 1 92 97 74
Well345 1 92 95 74
Well346 1 89 97 71
Well347 1 86 97 70
Well348 1 92 97 70
Well349 1 85 95 73
Well350 1 86 98 71
Well351 1 92 97 71
Well352 1 93 98 70
Well353 1 91 95 70
Well354 1 91 97 73
Well355 1 86 96 72
Well356 1 88 96 74
Well357 1 89 98 75
Well358 1 91 95 72
Well359 1 89 95 75
Well360 1 93 95 71
Well361 1 87 95 71
Well362 1 86 95 72
Well363 1 90 96 71
Well364 1 85 97 72
Well365 1 85 95 70
Well366 1 88 98 70
Well367 1 92 95 73
Well368 1 89 98 75
Well369 1 85 98 72
Well370 1 86 98 72
Well371 1 93 96 75
Well372 1 90 97 74
Well373 1 90 96 74
Well374 1 91 97 74
Well375 1 87 95 72
Well376 1 85 96 71
Well377 1 85 98 73
Well378 1 94 96 73
Well379 1 91 96 75
Well380 1 85 97 75
Well381 1 87 98 75
Well382 1 88 95 73
Well383 1 94 96 74
Well384 1 92 96 74
Well385 1 93 95 70
Well386 1 92 95 70
Well387 1 88 96 71
Well388 1 90 96 75
Well389 1 92 97 70
Well390 1 86 98 70
Well391 1 93 97 75
Well392 1 94 97 71
Well393 1 92 96 70
Well394 1 91 98 74
Well395 1 90 96 75
Well396 1 87 98 70
Well397 1 92 95 71
Well398 1 90 97 70
Well399 1 85 95 71
Well400 1 87 95 70
Well401 1 91 96 73
Well402 1 93 98 74
Well403 1 87 96 72
Well404 1 93 97 75
Well405 1 85 96 74
Well406 1 89 96 74
Well407 1 91 97 74
Well408 1 94 97 75
Well409 1 87 96 74
Well410 1 87 96 74
Well411 1 87 95 73
Well412 1 93 97 73
Well413 1 90 98 74
Well414 1 86 97 74
Well415 1 85 95 71
Well416 1 91 97 72
Well417 1 94 97 71
Well418 1 87 96 72
Well419 1 91 98 72
Well420 1 90 98 73
Well421 1 93 97 75
Well422 1 85 95 71
Well423 1 85 96 71
Well424 1 93 98 75
Well425 1 87 97 72
Well426 1 91 97 70
Well427 1 89 96 75
Well428 1 92 95 74
Well429 1 93 97 73
Well430 1 90 95 71
Well431 1 94 95 72
Well432 1 90 95 72
Well433 1 88 95 72
Well434 1 90 98 72
Well435 1 86 98 70
Well436 1 86 96 70
Well437 1 94 97 71
Well438 1 91 98 73
Well439 1 87 96 75
Well440 1 87 95 73
Well441 1 87 97 71
Well442 1 94 97 73
Well443 1 92 95 75
Well444 1 87 95 75
Well445 1 92 96 72
Well446 1 86 95 72
Well447 1 89 97 74
Well448 1 92 95 75
Well449 1 91 96 71
Well450 1 89 97 74
Well451 1 93 95 74
Well452 1 93 96 75
Well453 1 91 96 71
Well454 1 93 95 72
Well455 1 91 97 75
Well456 1 88 96 72
Well457 1 94 96 71
Well458 1 86 95 72
Well459 1 85 97 71
Well460 1 86 98 73
Well461 1 92 98 70
Well462 1 93 98 70
Well463 1 88 98 74
Well464 1 86 96 74
Well465 1 85 95 71
Well466 1 88 98 71
Well467 1 90 95 75
Well468 1 93 97 75
Well469 1 85 98 73
Well470 1 91 97 72
Well471 1 89 96 72
Well472 1 90 95 74
Well473 1 86 97 74
Well474 1 94 96 70
Well475 1 90 95 74
Well476 1 93 97 70
Well477 1 88 97 70
Well478 1 85 97 71
Well479 1 93 95 72
Well480 1 88 96 75
Well481 1 94 95 73
Well482 1 87 96 74
Well483 1 89 98 72
Well484 1 91 96 73
Well485 1 88 96 75
Well486 1 91 97 73
Well487 1 94 96 75
Well488 1 91 96 75
Well489 1 86 95 72
Well490 1 91 97 70
Well491 1 90 95 70
Well492 1 86 98 72
Well493 1 91 96 70
Well494 1 88 98 75
Well495 1 93 96 70
Well496 1 86 96 71
Well497 1 86 96 71
Well498 1 85 96 75
Well499 1 86 98 72
Well500 1 93 98 73
Well501 1 94 98 74
Well502 1 92 96 70
Well503 1 89 95 73
Well504 1 92 97 72
Well505 1 94 97 70
Well506 1 88 96 73
Well507 1 91 96 71
Well508 1 90 96 71
Well509 1 87 95 70
Well510 1 93 95 73
Well511 1 93 96 73
Well512 1 85 97 73
Well513 1 92 96 74
Well514 1 91 96 72
Well515 1 85 96 70
Well516 1 91 95 72
Well517 1 85 96 74
Well518 1 86 97 74
Well519 1 90 96 75
Well520 1 94 98 73
Well521 1 92 97 75
Well522 1 86 97 74
Well523 1 89 97 75
Well524 1 90 98 73
Well525 1 88 97 71
Well526 1 86 97 74
Well527 1 87 98 71
Well528 1 89 96 72
Well529 1 90 98 71
Well530 1 87 98 71
Well531 1 92 96 75
Well532 1 91 97 71
Well533 1 88 95 73
Well534 1 89 96 74
Well535 1 91 98 75
Well536 1 91 97 72
Well537 1 87 95 74
Well538 1 89 98 75
Well539 1 89 97 72
Well540 1 90 95 73
Well541 1 85 96 72
Well542 1 89 98 70
Well543 1 93 97 72
Well544 1 85 98 75
Well545 1 88 98 71
Well546 1 86 98 71
Well547 1 93 96 72
Well548 1 85 96 70
Well549 1 92 96 74
Well550 1 86 96 70
Well551 1 91 97 72
Well552 1 85 98 73
Well553 1 88 98 74
Well554 1 90 98 71
Well555 1 86 96 72
Well556 1 93 95 73
Well557 1 91 96 71
Well558 1 87 97 72
Well559 1 89 96 75
Well560 1 91 96 72
Well561 1 94 98 71
Well562 1 91 95 71
Well563 1 87 97 73
Well564 1 91 95 70
Well565 1 92 96 72
Well566 1 94 95 73
Well567 1 89 96 70
Well568 1 86 95 75
Well569 1 89 96 74
Well570 1 88 96 70
Well571 1 88 95 74
Well572 1 91 96 73
Well573 1 93 95 74
Well574 1 86 97 70
Well575 1 94 98 74
Well576 1 88 95 70
Well577 1 86 97 74
Well578 1 88 96 73
Well579 1 88 95 73
Well580 1 86 97 72
Well581 1 92 96 73
Well582 1 88 97 72
Well583 1 92 96 70
Well584 1 91 95 72
Well585 1 93 98 70
Well586 1 85 96 75
Well587 1 87 95 72
Well588 1 88 97 71
Well589 1 90 96 75
Well590 1 94 97 74
Well591 1 93 97 71
Well592 1 92 96 72
Well593 1 87 98 75
Well594 1 88 96 73
Well595 1 89 96 71
Well596 1 89 96 71
Well597 1 93 97 73
Well598 1 91 96 71
Well599 1 91 95 73
Well600 1 90 98 72
Well601 1 88 97 70
Well602 1 87 97 75
Well603 1 90 98 71
Well604 1 85 97 75
Well605 1 93 95 73
Well606 1 85 97 71
Well607 1 86 98 71
Well608 1 88 96 70
Well609 1 93 96 75
Well610 1 90 97 75
Well611 1 86 96 74
Well612 1 91 96 72
Well613 1 88 96 73
Well614 1 93 96 70
Well615 1 92 97 71
Well616 1 90 98 72
Well617 1 91 96 70
Well618 1 89 96 73
Well619 1 91 95 70
Well620 1 94 96 70
Well621 1 91 95 74
Well622 1 90 98 74
Well623 1 85 98 74
Well624 1 93 95 71
Well625 1 93 95 73
Well626 1 92 96 73
Well627 1 90 98 73
Well628 1 85 96 70
Well629 1 91 98 73
Well630 1 87 95 72
Well631 1 85 95 71
Well632 1 91 95 72
Well633 1 89 96 73
Well634 1 85 98 70
Well635 1 90 97 73
Well636 1 94 95 74
Well637 1 94 98 72
Well638 1 85 96 72
Well639 1 86 98 70
Well640 1 86 96 70
Well641 1 86 97 72
Well642 1 88 98 74
Well643 1 87 96 70
Well644 1 94 98 73
Well645 1 90 96 74
Well646 1 92 97 73
Well647 1 89 95 72
Well648 1 89 96 72
Well649 1 89 98 74
Well650 1 94 97 70
Well651 1 92 95 74
Well652 1 88 95 71
Well653 1 86 96 73
Well654 1 92 95 71
Well655 1 90 95 70
Well656 1 93 98 71
Well657 1 94 98 75
Well658 1 91 95 73
Well659 1 93 98 70
Well660 1 93 98 72
Well661 1 88 95 75
Well662 1 88 97 75
Well663 1 88 97 70
Well664 1 92 98 74
Well665 1 87 95 73
Well666 1 88 97 70
Well667 1 85 97 72
Well668 1 88 98 75
Well669 1 93 95 73
Well670 1 90 96 75
Well671 1 92 97 70
Well672 1 87 97 71
Well673 1 89 95 73
Well674 1 93 97 70
Well675 1 94 95 72
Well676 1 90 95 72
Well677 1 93 96 74
Well678 1 88 97 73
Well679 1 89 95 74
Well680 1 93 98 70
Well681 1 88 95 72
Well682 1 94 95 74
Well683 1 94 96 75
Well684 1 86 96 72
Well685 1 90 95 72
Well686 1 87 96 73
Well687 1 86 95 75
Well688 1 86 98 75
Well689 1 90 97 75
Well690 1 86 97 70
Well691 1 88 97 73
Well692 1 86 95 75
Well693 1 89 96 72
Well694 1 93 97 70
Well695 1 89 97 75
Well696 1 92 95 73
Well697 1 87 96 72
Well698 1 89 97 75
Well699 1 92 97 71
Well700 1 94 98 75
Well701 1 90 98 70
Well702 1 87 97 73
Well703 1 92 96 75
Well704 1 87 97 72
Well705 1 88 95 70
Well706 1 90 97 74
Well707 1 91 96 70
Well708 1 91 95 72
Well709 1 90 96 73
Well710 1 85 96 74
Well711 1 88 97 73
Well712 1 87 95 72
Well713 1 90 96 70
Well714 1 94 95 73
Well715 1 86 98 72
Well716 1 87 97 72
Well717 1 86 96 71
Well718 1 92 98 70
Well719 1 93 98 70
Well720 1 91 97 75
Well721 1 87 98 71
Well722 1 87 95 74
Well723 1 89 95 72
Well724 1 87 96 70
Well725 1 87 98 74
Well726 1 93 96 72
Well727 1 89 98 73
Well728 1 94 98 75
Well729 1 90 97 72
Well730 1 86 98 71
Well731 1 89 98 70
Well732 1 94 95 73
Well733 1 86 95 71
Well734 1 88 98 71
Well735 1 89 98 71
Well736 1 85 96 70
Well737 1 92 95 73
Well738 1 85 95 70
Well739 1 93 96 70
Well740 1 91 97 74
Well741 1 93 96 73
Well742 1 92 96 70
Well743 1 93 96 74
Well744 1 94 98 75
Well745 1 94 95 74
Well746 1 87 96 73
Well747 1 88 96 75
Well748 1 85 95 73
Well749 1 91 95 75
Well750 1 92 95 70
Well751 1 90 97 73
Well752 1 94 95 72
Well753 1 87 96 74
Well754 1 87 96 72
Well755 1 87 95 73
Well756 1 92 98 71
Well757 1 93 95 75
Well758 1 89 96 72
Well759 1 94 97 70
Well760 1 89 98 75
Well761 1 88 96 70
Well762 1 86 97 74
Well763 1 90 95 73
Well764 1 93 96 70
Well765 1 88 98 71
Well766 1 85 95 75
Well767 1 93 96 75
Well768 1 93 96 75
Well769 1 86 96 71
Well770 1 88 97 75
Well771 1 92 98 75
Well772 1 89 95 72
Well773 1 86 96 70
Well774 1 93 95 75
Well775 1 86 96 70
Well776 1 86 98 74
Well777 1 90 97 70
Well778 1 92 98 70
Well779 1 93 95 75
Well780 1 93 97 74
Well781 1 85 96 73
Well782 1 94 98 73
Well783 1 94 96 72
Well784 1 85 98 74
Well785 1 87 98 71
Well786 1 90 96 73
Well787 1 92 97 71
Well788 1 86 96 73
Well789 1 85 96 75
Well790 1 88 95 71
Well791 1 94 97 71
Well792 1 91 97 75
Well793 1 93 95 71
Well794 1 92 97 74
Well795 1 88 97 71
Well796 1 86 98 73
Well797 1 91 95 73
Well798 1 87 96 75
Well799 1 87 97 72
Well800 1 93 96 72
Well801 1 90 98 71
Well802 1 94 98 75
Well803 1 88 95 72
Well804 1 87 95 75
Well805 1 85 97 71
Well806 1 91 96 73
Well807 1 93 98 73
Well808 1 86 96 73
Well809 1 87 98 72
Well810 1 85 98 72
Well811 1 89 98 73
Well812 1 85 97 73
Well813 1 90 95 74
Well814 1 87 96 73
Well815 1 91 98 75
Well816 1 94 96 70
Well817 1 90 98 75
Well818 1 86 96 75
Well819 1 94 98 75
Well820 1 89 97 73
Well821 1 91 97 74
Well822 1 91 96 70
Well823 1 90 95 73
Well824 1 93 97 73
Well825 1 89 97 71
Well826 1 92 98 74
Well827 1 92 96 71
Well828 1 91 97 73
Well829 1 89 98 71
Well830 1 93 97 70
Well831 1 89 98 73
Well832 1 85 95 71
Well833 1 89 98 75
Well834 1 87 98 72
Well835 1 94 98 75
Well836 1 93 98 75
Well837 1 90 97 71
Well838 1 86 95 70
Well839 1 91 98 71
Well840 1 94 96 70
Well841 1 88 95 72
Well842 1 85 95 71
Well843 1 86 98 71
Well844 1 86 98 73
Well845 1 87 96 74
Well846 1 91 95 74
Well847 1 85 96 75
Well848 1 89 98 71
Well849 1 85 95 70
Well850 1 87 95 74
Well851 1 92 98 74
Well852 1 93 96 70
Well853 1 93 95 73
Well854 1 87 96 73
Well855 1 94 98 72
Well856 1 91 95 70
Well857 1 87 98 72
Well858 1 89 96 70
Well859 1 85 95 75
Well860 1 92 97 71
Well861 1 86 95 71
Well862 1 85 95 75
Well863 1 89 95 73
Well864 1 87 98 73
Well865 1 92 98 71
Well866 1 92 98 70
Well867 1 92 96 73
Well868 1 85 95 70
Well869 1 91 98 73
Well870 1 91 97 72
Well871 1 90 95 71
Well872 1 89 98 74
Well873 1 90 98 72
Well874 1 87 97 74
Well875 1 93 98 73
Well876 1 93 95 75
Well877 1 85 95 71
Well878 1 85 98 72
Well879 1 86 97 72
Well880 1 90 97 71
Well881 1 90 97 71
Well882 1 85 97 72
Well883 1 85 96 75
Well884 1 86 98 71
Well885 1 89 96 70
Well886 1 86 98 73
Well887 1 90 95 74
Well888 1 87 98 75
Well889 1 92 98 74
Well890 1 89 96 75
Well891 1 94 98 70
Well892 1 89 98 73
Well893 1 93 98 75
Well894 1 91 98 70
Well895 1 86 95 70
Well896 1 87 97 72
Well897 1 90 95 74
Well898 1 86 97 71
Well899 1 90 97 71
Well900 1 91 96 73
Well901 1 88 98 73
Well902 1 87 97 73
Well903 1 91 98 72
Well904 1 91 98 71
Well905 1 87 97 70
Well906 1 88 97 71
Well907 1 88 95 70
Well908 1 90 97 72
Well909 1 89 96 71
Well910 1 88 97 74
Well911 1 93 98 73
Well912 1 85 98 73
Well913 1 92 96 72
Well914 1 89 95 71
Well915 1 85 97 72
Well916 1 94 95 70
Well917 1 89 98 71
Well918 1 85 98 74
Well919 1 93 98 72
Well920 1 87 96 70
Well921 1 85 97 70
Well922 1 89 97 71
Well923 1 94 95 71
Well924 1 90 95 70
Well925 1 85 96 74
Well926 1 92 96 74
Well927 1 90 95 72
Well928 1 94 96 75
Well929 1 85 98 72
Well930 1 90 95 71
Well931 1 91 96 71
Well932 1 90 95 71
Well933 1 91 95 72
Well934 1 85 96 72
Well935 1 94 98 75
Well936 1 89 95 74
Well937 1 87 98 75
Well938 1 89 98 74
Well939 1 87 96 71
Well940 1 86 96 73
Well941 1 85 96 72
Well942 1 89 97 70
Well943 1 94 95 71
Well944 1 89 96 75
Well945 1 87 96 75
Well946 1 94 96 74
Well947 1 86 96 71
Well948 1 88 95 74
Well949 1 85 96 70
Well950 1 86 97 75
Well951 1 85 98 71
Well952 1 93 95 71
Well953 1 94 95 72
Well954 1 85 96 71
Well955 1 88 95 72
Well956 1 94 97 71
Well957 1 86 95 72
Well958 1 90 95 71
Well959 1 85 98 74
Well960 1 90 98 75
Well961 1 93 98 75
Well962 1 93 96 70
Well963 1 92 97 72
Well964 1 93 98 71
Well965 1 90 95 74
Well966 1 88 96 73
Well967 1 93 96 73
Well968 1 87 95 74
Well969 1 94 95 72
Well970 1 92 96 75
Well971 1 91 98 72
Well972 1 85 95 72
Well973 1 87 97 70
Well974 1 89 97 74
Well975 1 89 95 71
Well976 1 86 97 72
Well977 1 89 97 75
Well978 1 92 96 72
Well979 1 88 98 73
Well980 1 90 98 70
Well981 1 87 97 72
Well982 1 85 98 72
Well983 1 85 96 70
Well984 1 87 96 71
Well985 1 87 96 72
Well986 1 94 96 75
Well987 1 89 97 75
Well988 1 89 96 73
Well989 1 85 97 75
Well990 1 92 98 75
Well991 1 85 97 75
Well992 1 90 97 74
Well993 1 89 98 70
Well994 1 86 97 71
Well995 1 93 98 70
Well996 1 88 95 72
Well997 1 87 96 73
Well998 1 86 95 72
Well999 1 85 96 72
Well1000 1 94 96 70
