Well1 1 86 98 71
Well2 1 86 98 75
Well3 1 88 97 70
Well4 1 90 96 70
Well5 1 91 95 71
Well6 1 90 97 70
Well7 1 90 96 73
Well8 1 85 97 75
Well9 1 90 96 75
Well10 1 90 95 75
Well11 1 86 97 73
Well12 1 87 96 73
Well13 1 86 97 70
Well14 1 93 98 74
Well15 1 89 96 71
Well16 1 87 98 73
Well17 1 85 98 72
Well18 1 92 96 72
Well19 1 90 96 72
Well20 1 85 97 71
Well21 1 87 96 71
Well22 1 89 95 72
Well23 1 90 95 71
Well24 1 94 98 70
Well25 1 86 98 71
Well26 1 87 95 73
Well27 1 94 95 71
Well28 1 88 96 75
Well29 1 90 96 74
Well30 1 89 98 75
Well31 1 90 96 71
Well32 1 85 95 72
Well33 1 93 98 74
Well34 1 90 97 71
Well35 1 85 96 74
Well36 1 93 97 71
Well37 1 85 97 74
Well38 1 90 96 71
Well39 1 87 98 70
Well40 1 85 96 71
Well41 1 94 95 72
Well42 1 88 96 73
Well43 1 91 95 70
Well44 1 93 97 75
Well45 1 94 95 73
Well46 1 92 95 73
Well47 1 86 97 74
Well48 1 92 95 75
Well49 1 90 96 72
Well50 1 89 97 73
Well51 1 88 96 72
Well52 1 94 96 73
Well53 1 87 95 70
Well54 1 92 96 75
Well55 1 88 98 75
Well56 1 86 95 72
Well57 1 91 98 70
Well58 1 89 97 73
Well59 1 94 98 75
Well60 1 90 98 72
Well61 1 86 98 70
Well62 1 90 97 71
Well63 1 88 97 72
Well64 1 85 98 75
Well65 1 87 95 75
Well66 1 93 97 72
Well67 1 86 97 71
Well68 1 91 95 74
Well69 1 86 95 71
Well70 1 94 95 75
Well71 1 88 97 73
Well72 1 87 95 71
Well73 1 87 97 73
Well74 1 91 97 72
Well75 1 94 97 70
Well76 1 93 97 75
Well77 1 91 96 74
Well78 1 86 98 74
Well79 1 93 97 73
Well80 1 89 98 72
Well81 1 88 95 75
Well82 1 94 98 72
Well83 1 87 95 75
Well84 1 91 95 70
Well85 1 88 97 70
Well86 1 92 98 71
Well87 1 91 95 73
Well88 1 91 96 74
Well89 1 90 96 74
Well90 1 91 98 75
Well91 1 90 97 74
Well92 1 91 97 74
Well93 1 89 98 73
Well94 1 92 98 71
Well95 1 90 98 74
Well96 1 93 95 71
Well97 1 90 97 73
Well98 1 85 98 71
Well99 1 89 95 70
Well100 1 90 97 75
